root/Anna,root,643,570,598,595,616,613,613,663,697,838,719,691,693,660,617,630,574,563,564,572,531,553
root/Anne,root,877,901,921,953,927,915,976,968,949,868,787,749,580,596,520,565,531,477,431,385,353,318
root/Anouk,root,631,655,595,602,613,960,955,870,655,652,648,617,682,596,491,492,446,397,329,256,209,169
root/Bas,root,641,578,593,631,646,623,618,655,619,543,539,442,414,438,335,325,304,291,242,241,219,220
root/Bram,root,499,507,529,552,618,741,727,764,771,721,795,739,666,609,607,598,644,625,636,835,746,730
root/Charlotte,root,429,505,491,468,439,406,425,414,409,358,342,317,300,270,295,275,254,289,314,276,228,210
root/Cornelis,root,504,510,495,448,423,424,412,383,347,388,323,277,239,261,255,232,207,190,205,176,172,182
root/Daan,root,460,540,509,665,655,913,916,986,1098,1238,1094,1030,959,911,830,912,902,812,866,864,724,751
root/Daniel,root,602,574,591,556,632,583,583,577,605,611,514,540,501,475,416,440,374,370,361,308,287,308
root/David,root,397,378,445,461,463,405,432,450,400,381,435,378,375,350,351,319,309,339,319,299,308,285
root/Eline,root,515,535,505,466,498,496,419,461,369,395,410,392,396,370,344,379,338,362,311,260,258,264
root/Eva,root,515,538,558,567,557,675,656,715,717,686,679,626,663,617,598,606,595,649,600,577,539,562
root/Femke,root,286,328,353,442,521,584,641,695,750,665,695,691,531,574,501,450,483,427,430,401,348,307
root/Ilse,root,362,322,281,291,309,342,583,611,573,508,438,442,323,294,304,299,298,257,189,189,166,164
root/Iris,root,1059,1030,886,815,854,875,871,895,847,811,802,709,688,605,572,507,403,403,349,300,298,254
root/Jan,root,779,736,750,683,744,662,722,660,638,558,601,534,489,496,434,465,415,391,419,341,344,340
root/Jasper,root,564,517,579,536,534,583,568,529,550,581,584,534,521,454,445,395,378,377,326,280,227,206
root/Jelle,root,420,471,536,515,608,601,615,579,500,493,446,384,347,360,290,311,301,276,227,235,221,192
root/Johanna,root,707,661,540,527,481,498,438,466,384,379,361,296,304,250,253,230,240,198,204,179,171,169
root/Johannes,root,965,926,798,809,690,671,663,646,583,487,503,449,371,355,350,300,314,307,285,251,233,199
root/Koen,root,589,606,542,559,581,615,567,532,503,488,477,444,419,427,400,414,389,352,328,270,255,245
root/Lars,root,457,583,625,748,757,819,882,876,952,959,947,882,793,824,674,737,732,642,653,596,518,508
root/Lieke,root,258,248,250,268,279,259,326,349,433,408,519,463,598,644,673,719,694,643,621,520,480,475
root/Lisa,root,1058,1036,988,988,962,973,1036,1028,923,894,821,687,655,683,601,556,621,642,618,601,576,520
root/Lotte,root,473,489,576,596,624,720,706,755,698,726,691,779,664,630,712,644,658,678,629,575,548,524
root/Maria,root,868,773,693,666,537,544,534,520,500,439,434,394,363,341,306,295,322,265,254,229,215,198
root/Merel,root,284,349,322,358,417,494,514,553,507,453,466,439,411,373,277,224,235,210,176,186,183,159
root/Mohamed,root,266,244,238,294,291,286,294,351,339,302,333,310,265,287,257,263,297,245,256,245,223,214
root/Naomi,root,391,528,590,595,585,598,631,633,636,606,579,528,452,427,396,394,394,394,352,285,296,278
root/Nick,root,899,802,768,717,786,875,946,809,740,675,571,624,550,494,455,509,475,393,363,285,258,175
root/Niels,root,706,727,768,730,766,868,835,879,782,744,687,665,614,515,465,443,383,363,324,275,223,209
root/Nikki,root,278,250,227,193,237,300,304,306,325,288,292,345,317,337,301,414,396,295,269,250,224,210
root/Pieter,root,486,436,447,432,429,428,400,448,379,401,368,304,305,268,278,267,273,247,227,236,240,211
root/Robin,root,1156,1176,1121,1077,1101,1080,1062,1003,1034,838,825,787,678,582,530,318,524,539,269,244,204,186
root/Ruben,root,583,633,670,578,636,707,687,652,693,680,662,576,612,654,816,744,808,664,666,578,542,508
root/Sanne,root,775,844,916,959,1000,1181,1118,1093,1070,1074,991,872,752,733,728,704,638,609,541,451,434,384
root/Sophie,root,313,319,340,359,418,539,557,539,598,559,589,529,597,766,664,802,758,781,690,658,707,826
root/Sven,root,338,357,384,354,433,490,516,525,548,561,603,503,586,672,670,662,628,492,477,483,421,406
root/Tessa,root,533,559,619,552,520,533,470,563,622,563,497,480,413,420,404,385,369,345,263,241,282,225
root/Thijs,root,386,409,431,489,466,543,599,633,644,697,669,659,794,804,749,784,702,698,665,670,587,538
root/Thomas,root,1088,1191,1175,1126,1135,1270,1138,1195,1276,1241,1136,923,841,836,786,782,750,690,666,588,585,523
root/Tim,root,949,1049,977,1128,1061,1121,1164,1110,1063,1051,1012,894,831,804,851,830,754,725,667,640,584,542
root/Tom,root,825,826,792,723,765,837,802,808,767,691,655,568,496,495,445,418,417,353,323,316,264,251
root/Willem,root,515,510,575,534,494,490,476,476,438,389,370,354,351,357,321,361,343,327,276,281,271,250
root/Emma,root,305,351,382,432,468,664,780,755,696,701,837,748,729,647,637,664,778,688,711,651,659,700
root/Joris,root,343,370,329,325,289,320,275,276,297,312,238,268,276,254,248,229,199,225,194,226,170,195
root/Nina,root,281,276,365,356,359,550,581,550,509,481,578,480,436,348,380,429,383,346,319,365,330,323
root/Amber,root,366,497,539,592,672,722,793,864,768,712,673,686,576,497,446,471,468,349,338,284,244,223
root/Jesse,root,345,565,592,598,686,684,792,723,650,760,664,664,739,776,769,771,703,690,671,581,631,533
root/Luuk,root,332,358,371,392,471,491,592,613,581,601,625,598,608,587,578,605,641,697,742,678,657,665
root/Max,root,467,541,644,675,752,852,1075,1157,1026,890,780,670,648,583,489,498,485,473,457,488,471,504
root/Sarah,root,264,262,262,300,329,286,265,359,329,417,399,329,355,394,363,347,416,407,461,464,409,481
root/Vera,root,342,325,366,353,373,362,339,357,386,340,345,350,308,282,251,256,276,288,268,251,240,266
root/Fleur,root,256,292,300,281,346,372,671,1023,892,871,725,660,605,632,590,528,529,572,561,539,507,502
root/Lucas,root,216,253,227,309,310,350,417,489,616,738,943,806,793,741,728,691,811,807,698,777,694,669
root/Dylan,root,679,421,407,366,443,492,525,554,541,494,443,466,435,383,389,422,349,314,311,312,265,240
root/Julia,root,235,251,362,404,566,745,914,767,777,787,725,681,662,655,690,708,716,698,653,568,621,605
root/Stijn,root,265,306,352,394,448,543,536,653,718,682,654,624,628,666,715,679,664,687,682,615,526,460
root/Floris,root,223,260,231,287,291,307,310,306,304,353,362,337,334,387,373,373,342,376,377,340,319,325
root/Gijs,root,204,243,255,297,352,401,445,435,509,444,486,426,422,402,435,482,452,479,479,452,390,415
root/Maud,root,199,201,244,248,247,314,360,390,405,466,523,568,627,473,511,548,477,470,435,422,395,388
root/Roos,root,186,261,236,227,207,247,288,322,384,445,532,502,557,515,463,464,490,504,475,450,433,454
root/Hendrik,root,471,480,485,418,412,414,379,393,349,321,306,304,286,281,244,255,213,222,203,188,0,187
root/Joey,root,591,517,440,404,428,439,411,452,403,369,335,302,274,260,213,224,198,0,185,182,193,212
root/Laura,root,969,1126,1161,1156,997,862,789,723,663,623,558,437,417,432,381,361,298,253,214,203,160,0
root/Nienke,root,265,303,261,277,318,381,382,379,410,415,386,402,379,358,333,300,293,285,257,203,172,0
root/Niek,root,214,0,226,230,270,270,268,259,232,288,283,303,248,246,229,274,255,270,223,251,212,251
root/Simon,root,198,198,0,209,207,211,236,242,205,231,243,215,248,234,226,237,225,225,184,202,193,176
root/Romy,root,318,449,520,619,636,827,868,736,660,578,470,447,374,321,274,298,292,263,255,203,165,0
root/Amy,root,192,0,233,296,294,214,171,172,180,178,259,258,368,337,329,419,400,387,346,363,325,342
root/Casper,root,0,226,250,236,275,260,202,232,240,229,246,254,288,257,227,233,208,202,204,167,185,205
root/Floor,root,0,182,185,214,247,276,349,384,402,386,522,512,481,417,395,354,361,382,295,264,290,264
root/Marit,root,211,0,181,192,220,241,224,344,394,463,462,464,535,466,396,373,338,263,197,189,155,160
root/Stan,root,0,244,398,420,396,463,456,544,483,429,499,401,378,352,348,342,360,393,315,273,245,211
root/Mike,root,816,742,718,745,786,753,710,747,616,560,504,460,392,371,329,333,245,243,195,164,0,0
root/Milou,root,240,273,183,0,159,0,188,178,219,213,176,156,171,228,206,224,233,257,283,274,272,341
root/Elise,root,193,197,183,0,162,171,0,192,183,175,240,245,261,279,234,238,291,265,305,291,281,238
root/Justin,root,245,235,293,369,433,438,390,449,501,510,543,450,384,335,393,397,346,313,280,181,0,0
root/Bo,root,0,0,195,170,211,225,260,238,294,235,251,279,224,191,190,187,233,270,217,199,169,199
root/Demi,root,0,288,517,692,789,810,780,736,632,571,590,459,369,372,330,315,286,274,173,182,0,157
root/Sam,root,0,0,209,241,292,388,426,802,948,884,866,792,448,629,444,492,439,443,456,478,494,491
root/Sara,root,0,0,181,161,178,217,202,257,280,311,350,349,408,435,480,491,494,477,542,512,519,547
root/Bart,root,754,672,633,682,644,648,674,632,571,528,491,342,284,227,206,220,216,174,167,0,0,0
root/Britt,root,234,274,299,366,438,450,551,558,640,811,737,664,507,513,456,429,459,372,322,0,0,0
root/Damian,root,0,0,0,222,355,374,335,337,300,349,381,290,354,337,324,333,248,266,249,232,222,189
root/Esmee,root,0,0,0,206,191,238,277,348,396,394,381,332,292,290,310,282,314,370,362,310,352,371
root/Myrthe,root,0,180,226,264,231,297,295,300,324,290,302,254,272,297,234,205,188,180,180,155,0,0
root/Zoë,root,0,0,0,176,212,232,266,338,570,474,445,447,434,376,366,415,416,417,427,428,549,575
root/Maarten,root,465,506,438,435,388,420,374,366,317,306,269,268,189,197,174,173,179,176,0,0,0,0
root/Rick,root,837,787,674,809,840,871,926,848,783,781,638,527,410,359,314,271,229,184,0,0,0,0
root/Sander,root,658,617,640,678,644,652,662,690,594,515,463,387,282,272,248,246,210,184,0,0,0,0
root/Danique,root,201,275,290,313,341,374,373,403,424,368,376,345,287,258,274,230,190,193,0,0,0,0
root/Joep,root,0,0,0,0,201,203,214,271,294,275,302,260,263,277,236,259,292,332,295,266,307,295
root/Julian,root,0,0,0,0,351,450,476,426,407,427,434,426,429,465,449,457,562,562,592,508,549,496
root/Lynn,root,0,0,0,0,178,198,181,238,233,236,261,323,305,366,430,456,480,557,491,542,508,525
root/Timo,root,0,0,0,226,233,299,332,405,370,380,361,402,312,331,309,328,308,281,273,223,0,205
root/Kevin,root,1298,1228,1127,1010,972,941,867,786,697,663,587,413,398,291,277,247,193,0,0,0,0,0
root/Kim,root,641,584,597,635,804,797,759,740,742,660,599,498,438,312,284,236,189,0,0,0,0,0
root/Matthijs,root,332,324,309,300,335,374,355,356,340,307,285,242,202,247,227,239,206,0,0,0,0,0
root/Pim,root,249,279,282,263,319,316,274,296,348,0,0,0,0,0,169,195,239,239,247,247,246,250
root/Isa,root,0,0,0,0,0,239,369,434,492,661,785,644,658,580,538,552,511,585,628,602,520,580
root/Jasmijn,root,0,0,0,0,0,226,194,215,299,317,352,312,363,431,483,526,501,465,477,403,311,306
root/Teun,root,0,0,0,0,0,225,276,257,293,313,326,335,397,335,388,400,480,419,421,454,377,367
root/Daphne,root,357,371,393,521,600,484,434,333,287,304,267,268,223,198,193,163,0,0,0,0,0,0
root/Elisabeth,root,434,427,340,301,304,303,260,286,246,250,234,195,194,190,165,163,0,0,0,0,0,0
root/Gerrit,root,324,354,288,306,302,303,282,254,239,261,251,213,195,188,179,174,0,0,0,0,0,0
root/Lisanne,root,475,439,517,441,467,492,400,355,300,283,255,198,181,200,192,0,161,0,0,0,0,0
root/Maaike,root,373,369,348,371,392,397,357,390,369,315,291,230,187,160,172,162,0,0,0,0,0,0
root/Maartje,root,222,189,180,218,219,217,235,246,223,188,190,171,164,158,160,168,0,0,0,0,0,0
root/Wesley,root,556,521,496,456,415,423,455,390,326,300,340,379,257,227,192,0,0,202,0,0,0,0
root/Bente,root,0,0,0,0,0,0,242,255,257,307,263,349,295,233,263,240,211,204,213,206,193,191
root/Esmée,root,0,0,183,241,218,285,325,307,276,253,278,231,228,231,212,188,209,208,0,0,0,0
root/Isabel,root,0,0,0,0,0,0,186,264,285,273,246,234,190,248,210,228,237,244,235,265,221,220
root/Mees,root,0,0,0,0,0,0,208,269,264,309,341,343,422,372,384,386,490,517,550,492,427,493
root/Milan,root,0,0,0,0,0,0,209,219,256,395,682,700,762,821,754,711,740,815,772,730,716,689
root/Mohammed,root,0,0,0,0,0,201,0,235,254,239,208,234,204,217,219,207,230,211,231,184,198,215
root/Noa,root,0,0,0,0,0,0,224,575,581,564,626,597,569,544,559,541,562,612,483,515,471,451
root/Noah,root,0,0,0,0,0,0,345,471,454,375,344,342,320,314,394,435,512,464,469,521,562,589
root/Rosa,root,0,0,0,158,158,169,171,179,203,227,230,194,177,168,187,168,178,0,0,0,164,156
root/Ryan,root,0,0,0,0,0,0,207,299,268,280,299,325,322,368,362,404,347,358,341,348,344,352
root/Sem,root,0,0,0,0,0,0,221,369,422,492,882,1198,891,948,897,845,875,861,851,804,766,700
root/Sterre,root,0,0,0,0,0,193,253,271,298,356,333,379,334,297,257,223,292,246,194,199,156,0
root/Veerle,root,0,0,0,0,0,184,0,202,167,169,183,187,184,188,188,190,186,191,208,213,179,205
root/Martijn,root,719,684,733,667,656,629,603,574,481,465,404,310,214,224,175,0,0,0,0,0,0,0
root/Hannah,root,0,0,0,0,0,0,167,198,203,195,172,186,157,0,198,183,185,194,188,220,227,238
root/Job,root,0,0,0,196,248,267,253,271,243,339,321,260,199,209,186,0,215,190,176,0,0,0
root/Lara,root,0,0,0,0,0,0,0,175,241,278,295,297,272,287,243,247,251,211,239,253,221,211
root/Luna,root,0,0,0,0,0,0,0,199,303,378,434,364,376,382,386,344,366,363,314,290,233,260
root/Pepijn,root,0,0,0,0,0,0,0,233,219,241,251,256,266,255,252,251,310,305,334,309,289,245
root/Rosalie,root,0,0,0,0,0,0,173,192,0,195,211,213,222,212,258,256,250,266,217,186,218,194
root/Tess,root,0,0,0,0,0,0,0,172,233,242,278,297,301,424,413,484,544,554,520,565,794,597
root/Alexander,root,363,341,293,269,223,233,229,230,0,0,0,0,0,180,0,0,180,0,174,165,167,174
root/Joost,root,412,345,376,357,330,329,345,325,312,259,258,229,195,187,0,0,0,0,0,0,0,0
root/Mark,root,823,756,670,633,509,540,521,468,385,354,327,261,203,200,0,0,0,0,0,0,0,0
root/Melissa,root,786,704,609,595,639,523,542,450,398,338,275,231,196,158,0,0,0,0,0,0,0,0
root/Michelle,root,928,883,753,657,608,588,503,447,443,390,372,278,183,164,0,0,0,0,0,0,0,0
root/Wouter,root,671,625,629,525,547,498,474,487,453,455,464,424,346,257,0,0,0,0,0,0,0,0
root/Cas,root,0,0,0,0,0,213,0,0,0,268,269,292,367,354,367,339,341,333,312,334,293,320
root/Indy,root,0,0,0,0,0,0,0,0,346,348,352,365,332,339,347,323,316,226,179,168,178,154
root/Jens,root,0,0,0,0,0,0,0,0,237,327,312,317,362,353,346,346,346,346,359,391,369,382
root/Levi,root,0,0,0,0,0,0,0,198,0,267,260,267,328,354,387,524,629,720,743,685,733,650
root/Luca,root,0,0,0,0,0,0,0,0,255,314,367,364,357,459,401,405,404,419,366,442,352,383
root/Quinten,root,0,0,0,0,0,0,218,291,270,335,349,387,376,321,301,324,275,252,237,216,0,0
root/Rens,root,0,0,0,0,0,0,211,0,248,299,303,298,290,283,259,248,238,227,191,194,177,0
root/Wessel,root,0,0,0,0,241,291,316,332,337,307,351,350,287,279,265,187,203,208,0,0,0,0
root/Dennis,root,1128,995,829,722,702,680,492,471,359,288,275,208,186,0,0,0,0,0,0,0,0,0
root/Dirk,root,325,280,309,310,254,268,277,254,245,230,225,206,203,0,0,0,0,0,0,0,0,0
root/Esther,root,476,440,366,364,352,314,296,265,241,215,195,177,166,0,0,0,0,0,0,0,0,0
root/Jordy,root,535,643,689,649,551,451,458,456,420,334,291,262,212,0,0,0,0,0,0,0,0,0
root/Kirsten,root,320,250,218,248,247,240,240,221,225,186,165,174,164,0,0,0,0,0,0,0,0,0
root/Sjoerd,root,358,348,297,289,318,266,248,276,244,229,239,210,219,0,0,0,0,0,0,0,0,0
root/Finn,root,0,0,0,0,0,0,0,0,0,230,323,416,484,549,578,667,669,623,666,635,714,689
root/Isabella,root,0,0,0,0,0,0,0,0,0,163,241,170,179,174,195,191,214,218,226,253,267,231
root/Jill,root,0,0,0,0,0,0,0,0,0,189,253,241,226,181,214,217,231,191,226,237,236,279
root/Mila,root,0,0,0,0,0,0,0,0,0,179,217,242,250,264,244,306,312,329,395,445,544,599
root/Sofie,root,0,0,0,0,0,0,0,0,0,178,172,181,250,306,271,357,315,302,267,346,348,382
root/Thijmen,root,0,0,0,0,0,0,0,0,0,239,269,382,361,353,381,396,413,328,292,302,255,236
root/Tijn,root,0,0,0,0,0,0,0,0,0,222,285,379,348,404,402,413,389,417,382,412,373,330
root/Denise,root,496,507,486,465,435,397,328,315,284,245,195,184,0,0,0,0,0,0,0,0,0,0
root/Jeroen,root,1129,1026,814,833,748,637,584,481,418,356,255,206,0,0,0,0,0,0,0,0,0,0
root/Manon,root,487,482,449,475,395,425,411,367,302,304,209,163,0,0,0,0,0,0,0,0,0,0
root/Roy,root,603,666,544,490,451,440,407,369,340,304,275,196,0,0,0,0,0,0,0,0,0,0
root/Stefan,root,707,649,506,546,482,426,442,393,359,303,265,223,0,0,0,0,0,0,0,0,0,0
root/Carmen,root,211,215,186,173,188,177,202,199,183,188,0,217,180,0,0,0,0,0,0,0,0,0
root/Luc,root,0,0,0,261,267,310,340,342,299,297,263,209,0,0,171,186,0,0,170,0,0,0
root/Mirthe,root,0,0,0,0,0,0,0,0,0,0,167,182,184,201,180,193,200,209,189,169,191,180
root/Noor,root,0,0,0,0,0,0,0,0,0,0,197,248,259,269,287,302,322,370,424,372,335,365
root/Olivier,root,0,0,0,0,0,0,0,0,0,0,210,216,236,237,237,226,234,282,271,304,269,259
root/Senna,root,0,0,0,0,0,0,0,0,0,0,281,493,526,524,305,310,285,283,255,201,202,164
root/Ties,root,0,0,0,0,0,0,0,0,0,0,220,213,229,270,271,294,313,289,307,319,280,301
root/Yara,root,0,0,0,0,0,0,0,0,0,0,194,180,175,230,261,227,256,263,274,285,295,362
root/Daniëlle,root,444,431,386,375,388,370,332,319,245,226,194,0,0,0,0,0,0,0,0,0,0,0
root/Jennifer,root,272,253,223,229,215,246,250,275,303,270,217,0,0,0,0,0,0,0,0,0,0,0
root/Marieke,root,292,294,281,254,242,278,238,228,176,0,164,162,0,0,0,0,0,0,0,0,0,0
root/Rik,root,253,295,246,275,275,315,249,266,267,255,236,0,0,0,0,0,0,0,0,0,0,0
root/Sebastiaan,root,358,333,293,282,281,254,236,213,209,231,209,0,0,0,0,0,0,0,0,0,0,0
root/Vincent,root,467,446,384,351,348,303,303,271,283,213,208,0,0,0,0,0,0,0,0,0,0,0
root/Fenna,root,0,0,0,0,0,0,0,0,0,0,0,209,221,216,265,293,289,309,342,489,586,554
root/Hidde,root,0,0,0,0,0,0,0,0,0,0,213,0,200,214,251,249,236,257,249,198,232,209
root/Julie,root,0,0,0,0,0,0,0,0,0,0,168,166,0,191,185,194,208,230,227,190,197,219
root/Loïs,root,0,0,0,0,0,0,0,0,0,0,0,173,158,176,222,201,205,254,225,251,249,274
root/Mats,root,0,0,0,0,0,0,0,0,0,207,0,0,240,275,255,264,299,339,349,386,371,366
root/Meike,root,0,0,0,0,0,0,0,0,273,243,247,393,364,319,264,256,233,176,177,0,0,0
root/Puck,root,0,0,0,0,0,0,176,195,0,218,201,187,163,182,0,0,0,214,208,230,179,0
root/Tygo,root,0,0,0,0,0,0,0,0,0,0,0,241,318,355,370,417,370,353,372,326,360,437
root/Chantal,root,525,464,387,326,320,261,217,213,192,171,0,0,0,0,0,0,0,0,0,0,0,0
root/Cornelia,root,307,290,262,260,252,224,213,211,196,178,0,0,0,0,0,0,0,0,0,0,0,0
root/Inge,root,264,262,236,226,196,177,193,197,177,171,0,0,0,0,0,0,0,0,0,0,0,0
root/Jacob,root,273,256,233,254,257,243,209,243,232,0,0,0,0,0,166,0,0,0,0,0,0,0
root/Jeffrey,root,682,707,627,595,479,436,396,292,254,223,0,0,0,0,0,0,0,0,0,0,0,0
root/Kimberly,root,321,341,314,296,279,248,190,196,170,172,0,0,0,0,0,0,0,0,0,0,0,0
root/Mandy,root,386,404,331,345,328,283,242,211,187,0,0,157,0,0,0,0,0,0,0,0,0,0
root/Melanie,root,371,366,345,306,342,348,312,293,206,204,0,0,0,0,0,0,0,0,0,0,0,0
root/Michael,root,587,572,471,450,336,355,337,333,303,239,0,0,0,0,0,0,0,0,0,0,0,0
root/Suzanne,root,406,351,283,337,255,265,231,212,203,0,169,0,0,0,0,0,0,0,0,0,0,0
root/Benjamin,root,0,0,0,0,0,0,0,0,0,0,0,201,0,203,207,239,243,267,381,363,397,422
root/Evi,root,0,0,0,0,0,0,0,0,0,0,0,0,183,227,288,317,383,370,422,426,487,542
root/Guus,root,0,0,0,0,0,0,0,0,0,0,0,0,220,219,205,223,269,258,300,273,301,270
root/Hugo,root,0,0,0,0,0,0,0,0,0,0,0,0,208,232,261,280,337,323,356,303,341,387
root/Isabelle,root,0,0,0,0,158,202,230,207,202,193,260,203,0,0,0,0,170,201,0,0,0,0
root/Jade,root,0,0,0,0,0,0,0,0,0,0,188,192,238,213,165,194,189,161,167,0,159,0
root/Jayden,root,0,0,0,0,0,0,0,0,0,0,0,0,315,446,638,798,781,734,700,646,614,541
root/Jesper,root,0,0,0,0,0,0,247,256,225,208,217,248,213,213,216,188,0,0,0,0,0,0
root/Kiki,root,0,0,0,0,0,0,0,0,173,176,0,163,188,166,165,165,166,0,175,159,0,0
root/Mika,root,0,0,0,0,0,0,0,0,0,273,241,216,220,253,281,262,223,197,0,165,0,0
root/Nora,root,0,0,0,0,0,0,0,0,0,0,0,0,210,211,205,223,210,224,233,302,334,417
root/Renske,root,0,0,0,0,157,164,0,0,0,193,174,167,191,221,184,228,176,0,0,0,0,0
root/Tristan,root,0,0,0,0,0,0,0,0,217,224,243,253,211,214,221,246,202,173,0,0,0,0
root/Brian,root,354,285,322,267,254,272,270,281,221,0,0,0,0,0,0,0,0,0,0,0,0,0
root/Danny,root,478,519,453,435,377,352,319,272,207,0,0,0,0,0,0,0,0,0,0,0,0,0
root/Joyce,root,403,412,337,307,272,251,233,225,194,0,0,0,0,0,0,0,0,0,0,0,0,0
root/Kelly,root,731,593,492,451,412,375,316,274,195,0,0,0,0,0,0,0,0,0,0,0,0,0
root/Sharon,root,429,523,534,394,361,349,268,250,204,0,0,0,0,0,0,0,0,0,0,0,0,0
root/Simone,root,387,378,340,310,264,219,221,197,168,0,0,0,0,0,0,0,0,0,0,0,0,0
root/Bryan,root,201,274,217,202,238,203,230,219,0,221,0,0,0,0,0,0,0,0,0,0,0,0
root/Dani,root,0,0,0,0,0,0,0,0,0,0,0,0,0,180,175,222,278,232,231,227,272,254
root/Fenne,root,0,0,0,0,0,0,0,0,0,0,0,0,166,0,212,245,241,255,252,254,243,250
root/Isis,root,0,0,0,0,0,0,0,0,0,0,0,0,183,172,181,178,173,201,184,201,162,0
root/Lina,root,0,0,0,0,0,0,0,0,0,0,0,0,0,160,192,191,240,244,270,290,236,241
root/Marijn,root,0,0,0,0,0,0,0,199,223,230,242,260,225,219,213,202,0,0,0,0,0,0
root/Pien,root,0,0,0,0,0,0,0,0,0,180,190,199,221,210,169,174,196,0,160,0,0,0
root/Quinty,root,0,0,0,0,0,0,260,235,258,230,166,0,157,0,163,0,161,175,0,0,0,0
root/Rachel,root,0,179,0,188,194,173,187,183,247,189,188,0,0,0,0,0,0,0,0,0,0,0
root/Stef,root,0,0,0,0,0,221,232,213,246,210,0,0,0,0,0,0,179,177,179,0,0,178
root/Youri,root,0,0,213,372,285,255,241,250,211,0,208,0,0,176,0,0,0,0,0,0,0,0
root/Patrick,root,671,567,624,527,355,338,312,252,0,0,0,0,0,0,0,0,0,0,0,0,0,0
root/Remco,root,398,399,456,319,285,268,270,208,0,0,0,0,0,0,0,0,0,0,0,0,0,0
root/Ricardo,root,335,318,312,243,240,244,202,242,0,0,0,0,0,0,0,0,0,0,0,0,0,0
root/Mitchell,root,342,393,317,253,214,237,214,215,0,0,0,0,0,0,0,0,0,0,0,0,0,0
root/Dean,root,0,0,0,0,0,0,0,0,0,0,0,0,0,0,186,254,230,348,440,296,250,249
root/Evy,root,0,0,0,0,0,0,0,0,0,0,0,0,0,0,162,179,202,184,200,224,252,226
root/Joshua,root,0,0,0,0,0,0,0,0,0,0,211,0,0,0,177,182,201,250,212,197,191,0
root/Kyra,root,0,0,0,0,0,0,0,0,0,254,213,219,222,185,195,165,170,0,0,0,0,0
root/Larissa,root,0,221,270,201,238,249,200,211,180,0,0,0,0,0,0,0,0,0,0,0,0,0
root/Linde,root,0,0,0,0,0,0,0,0,0,0,0,0,0,208,166,176,171,161,195,203,0,177
root/Rayan,root,0,0,0,0,0,0,0,0,0,0,0,0,0,0,210,184,243,262,242,221,204,179
root/Vince,root,0,0,0,0,0,0,0,0,0,0,0,0,0,0,192,204,203,217,220,231,240,379
root/Frank,root,357,355,330,303,249,222,216,0,0,0,0,0,0,0,0,0,0,0,0,0,0,0
root/Jessica,root,345,342,414,423,261,195,192,0,0,0,0,0,0,0,0,0,0,0,0,0,0,0
root/Judith,root,274,284,249,256,253,205,170,0,0,0,0,0,0,0,0,0,0,0,0,0,0,0
root/Kimberley,root,377,420,300,273,264,266,184,0,0,0,0,0,0,0,0,0,0,0,0,0,0,0
root/Linda,root,447,415,315,252,246,229,0,178,0,0,0,0,0,0,0,0,0,0,0,0,0,0
root/Rianne,root,214,266,222,196,205,187,190,0,0,0,0,0,0,0,0,0,0,0,0,0,0,0
root/Robert,root,522,456,410,321,262,246,244,0,0,0,0,0,0,0,0,0,0,0,0,0,0,0
root/Samantha,root,372,407,363,268,202,194,0,178,0,0,0,0,0,0,0,0,0,0,0,0,0,0
root/Dominique,root,205,230,221,231,195,245,178,0,0,0,0,0,0,0,0,0,0,0,0,0,0,0
root/Ashley,root,289,221,224,210,223,215,181,0,0,0,0,0,0,0,0,0,0,0,0,0,0,0
root/Maxime,root,226,222,201,216,180,223,187,0,0,0,0,0,0,0,0,0,0,0,0,0,0,0
root/Adam,root,0,0,0,0,0,0,0,0,0,0,0,0,0,0,0,220,239,208,304,344,360,343
root/Benthe,root,0,0,0,0,0,0,0,0,0,0,0,0,0,0,0,163,203,169,184,195,260,257
root/Elin,root,0,0,0,0,0,0,0,0,0,0,0,0,0,0,0,162,254,422,427,437,369,344
root/Fay,root,0,0,0,0,0,0,0,0,0,0,0,0,0,0,0,169,185,255,277,217,221,216
root/Feline,root,0,0,0,0,0,0,0,0,0,0,0,0,0,0,0,173,233,259,313,321,278,310
root/Fiene,root,0,0,0,0,0,0,0,0,0,0,0,0,0,0,0,175,189,234,210,186,173,184
root/Guusje,root,0,0,0,0,0,0,0,0,0,0,0,0,195,215,192,199,188,201,170,0,0,0
root/Jochem,root,0,0,0,0,0,0,0,206,233,257,214,201,187,189,0,0,0,0,0,0,0,0
root/Jurre,root,0,0,0,0,0,0,0,0,0,0,0,0,0,0,0,287,330,286,243,256,313,327
root/Liam,root,0,0,0,0,0,0,0,0,0,0,0,0,0,0,0,207,246,429,519,496,539,602
root/Mick,root,0,0,0,0,0,0,0,0,0,0,0,0,0,0,194,175,211,0,196,225,210,192
root/Siem,root,0,0,0,0,0,0,0,0,0,0,0,0,0,0,0,193,218,301,404,413,426,450
root/Suze,root,0,0,0,0,0,0,0,0,0,0,0,0,0,0,0,160,161,180,183,177,207,222
root/Tobias,root,0,0,0,0,0,0,0,0,0,0,0,0,0,0,0,178,202,184,213,205,195,217
root/Marc,root,329,303,289,268,222,208,0,0,0,0,0,0,0,0,0,0,0,0,0,0,0,0
root/Marco,root,292,321,277,227,208,0,0,213,0,0,0,0,0,0,0,0,0,0,0,0,0,0
root/Nathalie,root,297,286,275,190,198,169,0,0,0,0,0,0,0,0,0,0,0,0,0,0,0,0
root/Nicole,root,302,327,284,230,204,177,0,0,0,0,0,0,0,0,0,0,0,0,0,0,0,0
root/Sabine,root,197,0,187,176,229,196,212,0,0,0,0,0,0,0,0,0,0,0,0,0,0,0
root/Steven,root,284,299,243,223,204,228,0,0,0,0,0,0,0,0,0,0,0,0,0,0,0,0
root/Tamara,root,262,248,214,201,155,172,0,0,0,0,0,0,0,0,0,0,0,0,0,0,0,0
root/Laurens,root,237,265,210,224,225,202,0,0,0,0,0,0,0,0,0,0,0,0,0,0,0,0
root/Jarno,root,0,0,0,0,0,0,0,286,369,333,236,240,207,0,0,0,0,0,0,0,0,0
root/Jason,root,0,0,0,0,0,0,0,0,0,0,0,0,0,0,0,181,198,0,189,219,232,255
root/Jordi,root,0,356,427,440,237,236,217,0,0,0,0,0,0,0,0,0,0,0,0,0,0,0
root/Keano,root,0,0,0,0,0,0,0,0,0,0,0,0,0,0,211,335,232,332,208,180,0,0
root/Liv,root,0,0,0,0,0,0,0,0,0,0,0,0,0,0,0,0,199,242,279,319,349,377
root/Nathan,root,0,0,0,0,0,0,0,0,0,0,0,0,0,0,171,190,193,0,208,0,203,197
root/Olivia,root,0,0,0,0,0,0,0,0,0,0,0,0,0,0,0,0,171,250,294,305,336,313
root/Roan,root,0,0,0,0,0,0,0,0,0,0,0,0,0,0,0,0,465,429,333,283,266,264
root/Silke,root,0,0,0,0,0,0,0,0,169,185,0,0,161,183,159,172,0,0,0,0,0,0
root/Twan,root,0,0,0,0,0,0,0,0,208,258,231,221,0,199,0,0,0,186,0,0,0,0
root/Christiaan,root,310,283,233,204,200,0,0,0,0,0,0,0,0,0,0,0,0,0,0,0,0,0
root/Erik,root,295,297,238,207,203,0,0,0,0,0,0,0,0,0,0,0,0,0,0,0,0,0
root/Marinus,root,234,223,212,0,212,0,204,0,0,0,0,0,0,0,0,0,0,0,0,0,0,0
root/Marloes,root,308,257,256,198,175,0,0,0,0,0,0,0,0,0,0,0,0,0,0,0,0,0
root/Peter,root,323,288,264,264,223,0,0,0,0,0,0,0,0,0,0,0,0,0,0,0,0,0
root/Boaz,root,0,0,0,0,0,0,0,0,0,0,0,0,0,0,0,0,0,228,229,293,296,312
root/Emily,root,0,0,173,0,0,0,0,0,0,0,0,0,0,0,0,0,0,0,182,154,220,264
root/Joëlle,root,0,0,0,0,0,217,182,211,171,167,0,0,0,0,0,0,0,0,0,0,0,0
root/Kaylee,root,0,0,230,185,157,0,0,172,176,0,0,0,0,0,0,0,0,0,0,0,0,0
root/Liz,root,0,0,0,0,0,0,0,0,0,0,0,0,0,0,0,0,0,205,252,244,251,267
root/Lizzy,root,0,0,0,0,0,0,0,0,0,0,0,0,0,0,0,0,0,179,204,220,220,246
root/Mathijs,root,200,199,230,0,0,210,0,0,242,0,0,0,0,0,0,0,0,0,0,0,0,0
root/Nova,root,0,0,0,0,0,0,0,0,0,0,0,0,0,0,0,0,0,165,206,188,252,282
root/Saar,root,0,0,0,0,0,0,0,0,0,0,0,0,0,0,0,0,0,243,629,586,483,500
root/Tara,root,0,0,0,0,0,0,0,0,0,0,0,166,217,191,177,163,0,0,0,0,0,0
root/Tycho,root,0,0,0,0,0,0,0,0,213,0,0,206,244,210,183,0,0,0,0,0,0,0
root/Adriana,root,196,209,0,158,158,0,0,0,0,0,0,0,0,0,0,0,0,0,0,0,0,0
root/Bob,root,252,264,210,219,0,0,0,0,0,0,0,0,0,0,0,0,0,0,0,0,0,0
root/Claudia,root,186,228,217,190,0,0,0,0,0,0,0,0,0,0,0,0,0,0,0,0,0,0
root/Marjolein,root,293,255,202,169,0,0,0,0,0,0,0,0,0,0,0,0,0,0,0,0,0,0
root/Michiel,root,255,234,205,199,0,0,0,0,0,0,0,0,0,0,0,0,0,0,0,0,0,0
root/Richard,root,355,289,230,206,0,0,0,0,0,0,0,0,0,0,0,0,0,0,0,0,0,0
root/Saskia,root,213,219,191,158,0,0,0,0,0,0,0,0,0,0,0,0,0,0,0,0,0,0
root/Wendy,root,273,194,183,0,165,0,0,0,0,0,0,0,0,0,0,0,0,0,0,0,0,0
root/Celine,root,0,0,0,326,312,274,193,0,0,0,0,0,0,0,0,0,0,0,0,0,0,0
root/Cheyenne,root,0,0,192,171,198,219,0,0,0,0,0,0,0,0,0,0,0,0,0,0,0,0
root/Dex,root,0,0,0,0,0,0,0,0,0,0,0,0,0,0,0,0,0,0,232,278,356,371
root/Fedde,root,0,0,0,0,0,0,0,0,0,0,0,0,0,0,0,0,0,0,182,174,212,225
root/Jack,root,0,0,0,0,0,0,0,0,0,0,0,0,0,0,0,0,0,0,177,184,242,283
root/Lana,root,0,0,0,0,0,0,0,0,0,0,0,0,0,0,0,0,0,0,276,277,252,226
root/Lise,root,0,0,0,0,0,0,0,0,0,0,0,0,0,0,0,0,0,0,228,184,176,163
root/Madelief,root,0,0,0,0,0,0,0,0,0,0,0,0,0,168,161,0,168,169,0,0,0,0
root/Menno,root,0,212,209,227,227,0,0,0,0,0,0,0,0,0,0,0,0,0,0,0,0,0
root/Norah,root,0,0,0,0,0,0,0,0,0,0,0,0,0,0,0,0,0,0,159,191,193,231
root/Quinn,root,0,0,0,0,0,0,0,0,0,0,0,0,0,0,0,0,0,0,192,192,205,208
root/Samuel,root,0,0,0,0,0,0,0,0,0,0,0,0,0,0,0,0,0,193,0,179,202,190
root/Sophia,root,0,0,0,0,0,0,0,0,0,0,0,0,0,0,0,0,0,0,193,204,232,214
root/Catharina,root,208,188,174,0,0,0,0,0,0,0,0,0,0,0,0,0,0,0,0,0,0,0
root/Cynthia,root,241,210,197,0,0,0,0,0,0,0,0,0,0,0,0,0,0,0,0,0,0,0
root/Paul,root,287,289,221,0,0,0,0,0,0,0,0,0,0,0,0,0,0,0,0,0,0,0
root/Priscilla,root,278,245,223,0,0,0,0,0,0,0,0,0,0,0,0,0,0,0,0,0,0,0
root/Rob,root,283,242,250,0,0,0,0,0,0,0,0,0,0,0,0,0,0,0,0,0,0,0
root/Melvin,root,353,251,217,0,0,0,0,0,0,0,0,0,0,0,0,0,0,0,0,0,0,0
root/Loes,root,187,178,0,176,0,0,0,0,0,0,0,0,0,0,0,0,0,0,0,0,0,0
root/Glenn,root,217,233,233,0,0,0,0,0,0,0,0,0,0,0,0,0,0,0,0,0,0,0
root/Dave,root,0,0,201,200,0,204,0,0,0,0,0,0,0,0,0,0,0,0,0,0,0,0
root/Dion,root,0,0,0,243,232,226,0,0,0,0,0,0,0,0,0,0,0,0,0,0,0,0
root/Ella,root,0,0,0,0,0,0,0,0,0,0,0,0,0,0,0,0,0,0,0,163,186,204
root/Giovanni,root,0,0,0,0,200,234,208,0,0,0,0,0,0,0,0,0,0,0,0,0,0,0
root/Jamie,root,0,0,0,162,164,0,0,0,0,0,0,0,0,179,0,0,0,0,0,0,0,0
root/Jonathan,root,0,0,0,0,0,0,0,0,0,0,0,0,0,0,172,0,0,185,171,0,0,0
root/Kyan,root,0,0,0,0,0,0,0,0,0,0,0,0,0,0,0,0,0,177,0,200,203,0
root/Lauren,root,0,0,0,0,0,0,0,0,0,0,0,0,0,0,0,0,0,0,0,194,207,203
root/Lola,root,0,0,0,0,0,0,0,0,0,0,0,0,0,0,0,0,0,0,0,169,178,226
root/Nikita,root,0,0,0,0,0,0,191,252,210,0,0,0,0,0,0,0,0,0,0,0,0,0
root/Noud,root,0,0,0,0,0,0,0,0,0,0,0,0,0,0,0,0,0,0,0,233,338,371
root/Nynke,root,0,0,0,0,0,0,0,0,0,175,0,0,166,0,156,0,0,0,0,0,0,0
root/Owen,root,0,0,0,0,0,0,0,0,0,0,0,0,0,0,0,0,0,0,170,0,164,193
root/Xavi,root,0,0,0,0,0,0,0,0,0,0,0,0,0,0,0,0,0,0,0,185,223,211
root/Yannick,root,0,0,0,206,235,204,0,0,0,0,0,0,0,0,0,0,0,0,0,0,0,0
root/Yfke,root,0,0,0,0,0,0,0,0,0,0,0,0,0,0,0,0,0,188,173,153,0,0
root/Bastiaan,root,225,200,0,0,0,0,0,0,0,0,0,0,0,0,0,0,0,0,0,0,0,0
root/Daisy,root,200,184,0,0,0,0,0,0,0,0,0,0,0,0,0,0,0,0,0,0,0,0
root/Ellen,root,220,178,0,0,0,0,0,0,0,0,0,0,0,0,0,0,0,0,0,0,0,0
root/Johan,root,224,0,202,0,0,0,0,0,0,0,0,0,0,0,0,0,0,0,0,0,0,0
root/Mariska,root,225,0,0,170,0,0,0,0,0,0,0,0,0,0,0,0,0,0,0,0,0,0
root/Marleen,root,197,178,0,0,0,0,0,0,0,0,0,0,0,0,0,0,0,0,0,0,0,0
root/Michel,root,260,213,0,0,0,0,0,0,0,0,0,0,0,0,0,0,0,0,0,0,0,0
root/Stephanie,root,281,217,0,0,0,0,0,0,0,0,0,0,0,0,0,0,0,0,0,0,0,0
root/Janneke,root,0,176,0,173,0,0,0,0,0,0,0,0,0,0,0,0,0,0,0,0,0,0
root/Rebecca,root,0,200,179,0,0,0,0,0,0,0,0,0,0,0,0,0,0,0,0,0,0,0
root/Aiden,root,0,0,0,0,0,0,0,0,0,0,0,0,0,0,0,0,0,0,0,0,164,190
root/Chris,root,0,0,0,0,0,0,0,0,0,0,0,196,193,0,0,0,0,0,0,0,0,0
root/Fien,root,0,0,0,0,0,0,0,0,0,0,0,0,0,0,0,0,0,0,0,0,200,197
root/Jip,root,0,0,0,0,0,0,0,0,0,0,0,0,0,0,0,0,0,0,0,0,171,197
root/Mason,root,0,0,0,0,0,0,0,0,0,0,0,0,0,0,0,0,0,0,0,0,191,220
root/Megan,root,0,0,0,0,0,0,0,0,0,165,0,189,0,0,0,0,0,0,0,0,0,0
root/Mitchel,root,0,203,227,0,0,0,0,0,0,0,0,0,0,0,0,0,0,0,0,0,0,0
root/Morris,root,0,0,0,0,0,0,0,0,0,0,0,0,0,0,0,0,0,0,0,170,0,219
root/Rutger,root,198,0,209,0,0,0,0,0,0,0,0,0,0,0,0,0,0,0,0,0,0,0
root/Senn,root,0,0,0,0,0,0,0,0,0,0,0,0,0,0,0,0,0,0,0,0,177,304
root/Suus,root,0,0,0,0,0,0,0,0,0,0,0,0,0,0,0,0,0,0,0,0,157,183
root/Angela,root,219,0,0,0,0,0,0,0,0,0,0,0,0,0,0,0,0,0,0,0,0,0
root/Erwin,root,0,207,0,0,0,0,0,0,0,0,0,0,0,0,0,0,0,0,0,0,0,0
root/Leonie,root,0,168,0,0,0,0,0,0,0,0,0,0,0,0,0,0,0,0,0,0,0,0
root/Lisette,root,184,0,0,0,0,0,0,0,0,0,0,0,0,0,0,0,0,0,0,0,0,0
root/Maikel,root,211,0,0,0,0,0,0,0,0,0,0,0,0,0,0,0,0,0,0,0,0,0
root/Nicky,root,197,0,0,0,0,0,0,0,0,0,0,0,0,0,0,0,0,0,0,0,0,0
root/Pascal,root,213,0,0,0,0,0,0,0,0,0,0,0,0,0,0,0,0,0,0,0,0,0
root/Robbert,root,199,0,0,0,0,0,0,0,0,0,0,0,0,0,0,0,0,0,0,0,0,0
root/Sandra,root,0,174,0,0,0,0,0,0,0,0,0,0,0,0,0,0,0,0,0,0,0,0
root/Evelien,root,189,0,0,0,0,0,0,0,0,0,0,0,0,0,0,0,0,0,0,0,0,0
root/Jacobus,root,0,206,0,0,0,0,0,0,0,0,0,0,0,0,0,0,0,0,0,0,0,0
root/Leon,root,0,0,0,0,202,0,0,0,0,0,0,0,0,0,0,0,0,0,0,0,0,0
root/Nadine,root,0,0,0,0,0,166,0,0,0,0,0,0,0,0,0,0,0,0,0,0,0,0
root/Marije,root,0,168,0,0,0,0,0,0,0,0,0,0,0,0,0,0,0,0,0,0,0,0
root/Abel,root,0,0,0,0,0,0,0,0,0,0,0,0,0,0,0,0,0,0,0,0,178,0
root/Amira,root,0,0,0,0,0,0,0,0,0,0,0,0,0,0,0,0,0,0,0,0,0,165
root/Aya,root,0,0,0,0,0,0,0,0,0,0,0,0,0,0,152,0,0,0,0,0,0,0
root/Brenda,root,187,0,0,0,0,0,0,0,0,0,0,0,0,0,0,0,0,0,0,0,0,0
root/Britney,root,0,0,0,0,0,0,0,194,0,0,0,0,0,0,0,0,0,0,0,0,0,0
root/Cato,root,0,0,0,0,0,0,0,0,0,0,0,0,0,0,0,0,0,0,0,0,0,157
root/Daley,root,0,0,0,0,0,0,0,0,0,0,0,0,0,0,0,0,0,0,0,0,0,182
root/Dylano,root,0,0,0,0,0,0,0,0,0,0,0,0,0,0,0,0,0,177,0,0,0,0
root/Elena,root,0,0,0,0,0,0,0,0,0,0,0,0,0,0,0,0,0,0,0,0,156,0
root/Elif,root,0,0,0,0,0,0,0,0,0,0,0,0,0,0,0,0,0,0,0,0,0,188
root/Elisa,root,0,0,0,0,0,0,0,0,0,0,0,0,0,0,0,0,0,0,0,0,168,0
root/Fabian,root,0,0,0,0,0,0,0,0,0,0,0,0,0,0,0,0,0,0,0,177,0,0
root/Fabiënne,root,0,0,0,0,0,0,167,0,0,0,0,0,0,0,0,0,0,0,0,0,0,0
root/Fem,root,0,0,0,0,0,0,0,0,0,0,0,0,0,0,0,0,0,0,0,0,0,169
root/Floortje,root,0,0,0,0,0,0,0,0,0,0,0,0,0,206,0,0,0,0,0,0,0,0
root/Gwen,root,0,0,0,0,0,0,0,0,0,0,0,164,0,0,0,0,0,0,0,0,0,0
root/Hailey,root,0,0,0,0,0,0,0,0,0,0,0,0,0,0,0,0,0,0,0,0,0,152
root/James,root,0,0,0,0,0,0,0,0,0,0,0,0,0,0,0,0,0,0,0,0,0,203
root/Jari,root,0,0,0,205,0,0,0,0,0,0,0,0,0,0,0,0,0,0,0,0,0,0
root/Jelte,root,0,0,0,0,0,0,0,0,0,0,0,0,0,0,0,0,0,0,0,0,164,0
root/Jort,root,0,0,0,0,0,0,0,0,0,0,0,221,0,0,0,0,0,0,0,0,0,0
root/Lize,root,0,0,0,0,0,0,0,0,0,0,0,0,0,0,0,0,0,0,0,0,151,0
root/Lorenzo,root,0,0,0,0,0,0,242,0,0,0,0,0,0,0,0,0,0,0,0,0,0,0
root/Mara,root,0,0,0,0,0,0,0,0,0,0,0,0,0,0,159,0,0,0,0,0,0,0
root/Mare,root,0,0,0,0,0,0,0,0,0,0,0,0,0,184,0,0,0,0,0,0,0,0
root/Merle,root,0,0,0,0,0,0,0,0,0,0,0,0,0,159,0,0,0,0,0,0,0,0
root/Noortje,root,0,0,0,0,0,0,0,0,0,0,0,0,0,0,0,0,0,164,0,0,0,0
root/Sepp,root,0,0,0,0,0,0,0,0,0,0,0,0,0,0,0,0,0,0,0,0,172,0
root/Sil,root,0,0,0,0,0,0,0,0,0,0,0,0,194,0,0,0,0,0,0,0,0,0
root/Sofia,root,0,0,0,0,0,0,0,0,0,0,0,0,0,0,0,0,0,0,0,0,0,195
root/Vajèn,root,0,0,0,0,0,0,0,0,0,0,0,0,0,0,0,0,0,0,0,175,0,0
root/Wout,root,0,0,0,0,0,0,0,0,0,0,0,0,0,181,0,0,0,0,0,0,0,0
root/debug,root,1,1,1,1,1,1,1,1,1,1,1,1,1,1,1,1,1,1,1,1,1,1
